13925057413	69	63	11058	48243
13502468823	57	102	7335	110349
13560439658	33	24	2034	5892
15013685858	28	27	3659	3538
13726230503	24	27	2481	24681
13660577991	24	9	6960	690
18320173382	21	18	9531	2412
84138413	20	16	4116	1432
15920133257	20	20	3156	2936
13600217502	18	138	1080	186852
13602846565	15	12	1938	2910
18211575961	15	12	1527	2106
13922314466	12	12	3008	3720
13823070001	6	3	360	180
13826544101	4	0	264	0
13719199419	4	0	240	0
13926251106	4	0	240	0
15989002119	3	3	1938	180
13480253104	3	3	180	180
13926435656	2	4	132	1512
13760778710	2	2	120	120
